2145291155
1197161814
1191258123
1252397723
1762593821
1781199803
1733275311
1842158375
1658148305
1321674855
1307651590
1792715653
1645285122
1321460227
1496852380
1683370110
1262945510
1299166353
1315469422
1890696165
1241148864
2506966302
1036002070
1585196413
1594587132
1665443957
1233004137
1642351362
1854565261
1036146373
2202323951
1907542963
1650690660
1870546393
1577411574
1881965965
1793285524
1196624615
2554404125
1801150877
1212812142
1490372962
2577139143
1496070307
1644250693
3169959511
1275280670
1712539910
3952070245
3513635890
1801055875
1403742220
1046077124
1767819164
1433596734
1790596553
1644114127
1424554292
1650305567
1196126832
1770482754
1423290444
1650516925
1858730847
1268252377
1304194202
2019626923
1307443705
2202311361
1942133115
1942742673
1677675054
1239315002
3919002287
1737520307
1100020805
1295614221
3699172790
1655755343
2929571482
1691166662
1846894034
1663559265
1746274673
1823954192
2092902070
1574684061
1615926885
1705586121
1641179817
1716577367
1878546883
2131428627
2956560113
1726468111
1848517410
1246147933
1831216671
1892754743
1913829237
1195228387
2960574121
1464718422
1684232061
2439589765
1499125502
1649750547
1321674855
1971729447
1338738570
1907725053
1708307353
2230794340
2186080631
1767352564
2383562442
1800850901
1863057363
3258074703
1496809967
1517916214
1900093822
1645565044
2116540631
1358776365
1097414213
1554710050
2853968952
1216935175
1225923717
2636180571
1662082055
2456021057
1692769643
1193491727
1496850204
1777613381
3063067615
2490734504
1987987811
1802485367
2544162414
1234872834
3169959511
1650305567
3197077575
1931511414
1665372775
3206065171
1029374230
2562810123
1706893882
1197931472
1646724250
2114543874
1644472761
1249159055
3430664872
2167586403
1551385057
1114428482
1922542315
1641428154
1909218011
1558247760
1496958295
2230590953
1640571365
1748008563
1689618340
1497628144
1654716241
1988572314
1974602033
1662429125
1680313495
1685286204
1701401324
1191262305
1867099473
1195347197
1613965273
1656809190
1646068663
1494720324
1568006292
1222713954
1223250145
1742566624
2009029657
1136793703
1346470754
1645854784
3053243775
1255849511
1749601265
1884475047
2726223703
1263498570
1410242783
1659266331
2862441992
1563926367
1477045392
2371037085
1396454421
1223005077
1854627907
2815443080
1912150611
1396715380
1054096047
1747429842
1717257814
1644284007
1310627141
3172918062
1661598840
1182389073
2373564081
